[43, 50, 48, 48, 51, 55, 52, 42, 36, 17, 16, 15, 11, 9, 14, 16, 19, 34, 38, 35, 40, 42, 47, 50]
0, 72, 
[0, 0, 0, 0, 0, 0, 0, 0, 0, 0, 0, 0, 0, 0, 0, 10, 0, 4, 0, 0, 52, 2, 0, 4, 0, 2, 0, 0, 3, 106, 49, 0, 2, 10, 0, 0, 0, 0, 46, 0, 0, 0, 0, 0, 8, 6, 0, 4, 6, 0, 35, 0, 2, 0, 116, 11, 3, 0, 11, 23, 0, 0, 46, 74, 0, 2, 0, 0, 8, 3, 122, 0]
[0.0, 0.0, 0.0, 0.0, 0.0, 0.0, 0.0, 0.0, 0.0, 0.0, 0.0, 0.0, 0.0, 0.0, 0.0, 4.59360761, 0.0, 4.791726475, 0.0, 0.0, 4.864291361711538, 5.502665, 0.0, 5.00791105, 0.0, 4.76934335, 0.0, 0.0, 4.739563767, 4.974015504650943, 4.666509091734695, 0.0, 4.53042, 4.69298746, 0.0, 0.0, 0.0, 0.0, 4.740467402, 0.0, 0.0, 0.0, 0.0, 0.0, 4.679853675, 4.23866435, 0.0, 5.02789995, 4.810514566666666, 0.0, 4.768983968542857, 0.0, 4.63119815, 0.0, 4.837675511818965, 4.716029, 4.682204, 0.0, 4.467226363818182, 4.803255674, 0.0, 0.0, 4.714539202304349, 4.842982458243243, 0.0, 4.56340515, 0.0, 0.0, 3.942191012, 4.923718667, 4.518580465450819, 0.0]
1, 72, 
[0, 0, 0, 0, 0, 0, 53, 0, 0, 0, 0, 0, 0, 0, 0, 2, 0, 5, 0, 3, 31, 0, 2, 0, 4, 0, 0, 0, 0, 20, 55, 0, 0, 0, 0, 0, 0, 0, 6, 0, 0, 3, 0, 0, 0, 2, 0, 0, 4, 0, 17, 17, 0, 0, 55, 7, 9, 0, 0, 25, 0, 0, 17, 0, 0, 0, 0, 0, 2, 0, 52, 0]
[0.0, 0.0, 0.0, 0.0, 0.0, 0.0, 4.81460624, 0.0, 0.0, 0.0, 0.0, 0.0, 0.0, 0.0, 0.0, 4.897193, 0.0, 4.1263154198, 0.0, 4.7095151, 5.029055103451614, 0.0, 4.83022855, 0.0, 4.765901625, 0.0, 0.0, 0.0, 0.0, 4.818176809999999, 4.5694056452727265, 0.0, 0.0, 0.0, 0.0, 0.0, 0.0, 0.0, 5.142738583, 0.0, 0.0, 5.146120067, 0.0, 0.0, 0.0, 5.1971185, 0.0, 0.0, 4.06681305, 0.0, 4.747584617941177, 4.980310853, 0.0, 0.0, 4.941052443490909, 4.793468143, 4.662576933333333, 0.0, 0.0, 4.754499968, 0.0, 0.0, 4.851347176588235, 0.0, 0.0, 0.0, 0.0, 0.0, 3.61664325, 0.0, 4.3474755675, 0.0]
2, 72, 
[0, 0, 0, 0, 0, 0, 90, 0, 0, 0, 0, 0, 0, 0, 0, 4, 0, 0, 2, 5, 5, 0, 0, 3, 0, 2, 0, 0, 0, 15, 28, 0, 0, 0, 0, 0, 0, 0, 0, 0, 0, 0, 0, 0, 3, 0, 0, 3, 2, 0, 17, 10, 2, 0, 26, 4, 5, 4, 7, 16, 0, 0, 67, 0, 7, 0, 0, 0, 0, 0, 35, 0]
[0.0, 0.0, 0.0, 0.0, 0.0, 0.0, 4.844344223, 0.0, 0.0, 0.0, 0.0, 0.0, 0.0, 0.0, 0.0, 4.7397879, 0.0, 0.0, 4.4321544, 4.89403394, 4.92650888, 0.0, 0.0, 4.730722133, 0.0, 4.6705961, 0.0, 0.0, 0.0, 4.823866299866666, 4.523241375321428, 0.0, 0.0, 0.0, 0.0, 0.0, 0.0, 0.0, 0.0, 0.0, 0.0, 0.0, 0.0, 0.0, 4.742388667, 0.0, 0.0, 4.4183071, 4.2525042, 0.0, 4.7711343705294125, 4.62858525, 4.65105675, 0.0, 4.866276046076923, 4.855576525, 4.80923544, 5.016239, 5.035984328714285, 4.803535913, 0.0, 0.0, 4.810506845895522, 0.0, 5.2149878, 0.0, 0.0, 0.0, 0.0, 0.0, 4.633418459971429, 0.0]
3, 72, 
[2, 0, 0, 0, 0, 0, 3, 0, 0, 0, 0, 0, 0, 0, 0, 4, 0, 0, 0, 7, 16, 0, 0, 0, 0, 2, 0, 0, 6, 10, 51, 2, 0, 0, 0, 0, 0, 0, 26, 0, 2, 0, 0, 0, 6, 0, 0, 9, 3, 0, 3, 3, 0, 0, 21, 0, 2, 0, 0, 3, 0, 0, 61, 0, 5, 0, 0, 0, 0, 2, 48, 0]
[4.9900274, 0.0, 0.0, 0.0, 0.0, 0.0, 4.671636633, 0.0, 0.0, 0.0, 0.0, 0.0, 0.0, 0.0, 0.0, 4.913900775, 0.0, 0.0, 0.0, 5.080563857, 5.12104524375, 0.0, 0.0, 0.0, 0.0, 5.14266315, 0.0, 0.0, 4.498117783, 4.77316263, 4.837344656882354, 5.00312865, 0.0, 0.0, 0.0, 0.0, 0.0, 0.0, 5.089571315, 0.0, 4.6042873, 0.0, 0.0, 0.0, 5.057144017, 0.0, 0.0, 4.707328722, 4.948169333, 0.0, 5.0545168, 4.954179433, 0.0, 0.0, 4.912693852142858, 0.0, 4.80380765, 0.0, 0.0, 4.9313403, 0.0, 0.0, 4.8468373458688525, 0.0, 5.14502748, 0.0, 0.0, 0.0, 0.0, 4.8568675, 4.789537200041667, 0.0]
4, 72, 
[0, 0, 0, 0, 0, 0, 0, 0, 0, 12, 0, 0, 0, 0, 0, 22, 0, 0, 0, 3, 30, 0, 0, 0, 0, 6, 0, 0, 0, 27, 44, 2, 0, 0, 0, 0, 0, 0, 2, 0, 2, 0, 0, 0, 0, 0, 0, 4, 28, 0, 2, 2, 0, 0, 26, 0, 2, 4, 0, 5, 0, 0, 6, 0, 3, 0, 0, 0, 0, 0, 22, 0]
[0.0, 0.0, 0.0, 0.0, 0.0, 0.0, 0.0, 0.0, 0.0, 4.995084625, 0.0, 0.0, 0.0, 0.0, 0.0, 4.8704461955000005, 0.0, 0.0, 0.0, 4.6420545, 4.967878296333333, 0.0, 0.0, 0.0, 0.0, 4.85315545, 0.0, 0.0, 0.0, 5.075748289296296, 4.704194163636364, 4.39374685, 0.0, 0.0, 0.0, 0.0, 0.0, 0.0, 5.0947385, 0.0, 4.99938155, 0.0, 0.0, 0.0, 0.0, 0.0, 0.0, 4.7737989, 4.658364114071429, 0.0, 5.0112382, 5.27705905, 0.0, 0.0, 4.852577219576923, 0.0, 4.9012692, 4.704392475, 0.0, 4.81972224, 0.0, 0.0, 4.433200267, 0.0, 4.580293333, 0.0, 0.0, 0.0, 0.0, 0.0, 4.744623759181818, 0.0]
5, 72, 
[0, 0, 0, 0, 0, 0, 0, 0, 0, 15, 0, 0, 0, 0, 0, 10, 0, 0, 19, 7, 11, 0, 0, 0, 0, 4, 0, 0, 0, 0, 33, 0, 0, 0, 0, 0, 0, 0, 0, 0, 0, 0, 0, 0, 4, 5, 0, 0, 12, 0, 55, 0, 0, 0, 5, 0, 6, 2, 4, 0, 0, 0, 15, 0, 0, 0, 0, 0, 0, 0, 18, 0]
[0.0, 0.0, 0.0, 0.0, 0.0, 0.0, 0.0, 0.0, 0.0, 4.9890600402, 0.0, 0.0, 0.0, 0.0, 0.0, 4.942472270000001, 0.0, 0.0, 4.831149063, 4.812124071285714, 4.861615299818182, 0.0, 0.0, 0.0, 0.0, 4.6480191, 0.0, 0.0, 0.0, 0.0, 4.494877088151515, 0.0, 0.0, 0.0, 0.0, 0.0, 0.0, 0.0, 0.0, 0.0, 0.0, 0.0, 0.0, 0.0, 4.728318325, 5.149124700200001, 0.0, 0.0, 4.94736852525, 0.0, 4.652851938181818, 0.0, 0.0, 0.0, 4.80581752, 0.0, 4.68179885, 4.90384765, 4.7639965, 0.0, 0.0, 0.0, 4.767237946533333, 0.0, 0.0, 0.0, 0.0, 0.0, 0.0, 0.0, 4.873008333055555, 0.0]
6, 72, 
[0, 0, 0, 0, 0, 0, 0, 0, 0, 9, 0, 0, 0, 0, 0, 0, 0, 3, 10, 4, 10, 0, 0, 0, 0, 3, 4, 0, 16, 47, 24, 0, 0, 0, 0, 0, 0, 0, 0, 0, 0, 0, 0, 0, 4, 0, 0, 2, 7, 0, 103, 0, 0, 0, 12, 0, 0, 6, 3, 0, 0, 0, 26, 0, 0, 8, 0, 0, 0, 0, 33, 0]
[0.0, 0.0, 0.0, 0.0, 0.0, 0.0, 0.0, 0.0, 0.0, 4.971887011, 0.0, 0.0, 0.0, 0.0, 0.0, 0.0, 0.0, 4.528246567, 4.56738636, 4.82942235, 4.9211896, 0.0, 0.0, 0.0, 0.0, 5.3899291, 4.718477125, 0.0, 4.762934138, 4.588250168148936, 4.54416257525, 0.0, 0.0, 0.0, 0.0, 0.0, 0.0, 0.0, 0.0, 0.0, 0.0, 0.0, 0.0, 0.0, 4.8297172, 0.0, 0.0, 4.74111025, 4.562964557142857, 0.0, 4.5835364272912615, 0.0, 0.0, 0.0, 4.715999149999999, 0.0, 0.0, 4.715050216666667, 4.4666449, 0.0, 0.0, 0.0, 4.911673938576923, 0.0, 0.0, 4.684668025250001, 0.0, 0.0, 0.0, 0.0, 4.933409748575757, 0.0]
7, 72, 
[0, 0, 0, 0, 0, 0, 0, 0, 0, 2, 0, 0, 0, 5, 0, 0, 0, 82, 0, 17, 17, 0, 0, 0, 2, 5, 2, 0, 0, 4, 75, 0, 0, 0, 0, 0, 0, 0, 4, 0, 0, 0, 0, 0, 8, 6, 0, 4, 17, 0, 2, 4, 2, 0, 55, 0, 7, 8, 2, 2, 0, 0, 58, 5, 2, 7, 0, 7, 0, 15, 44, 0]
[0.0, 0.0, 0.0, 0.0, 0.0, 0.0, 0.0, 0.0, 0.0, 4.65971305, 0.0, 0.0, 0.0, 4.994611, 0.0, 0.0, 0.0, 4.801701633, 0.0, 4.166825306117647, 4.9829168944117646, 0.0, 0.0, 0.0, 4.6896582, 4.72096152, 5.3539441, 0.0, 0.0, 4.714378225, 4.660964074933332, 0.0, 0.0, 0.0, 0.0, 0.0, 0.0, 0.0, 5.163400875, 0.0, 0.0, 0.0, 0.0, 0.0, 5.210999587625, 4.906434683, 0.0, 4.643743175, 4.7472982707647065, 0.0, 4.763813, 4.9841923, 4.7118855, 0.0, 4.68997965069091, 0.0, 4.689658242857143, 4.553349888, 4.1144024, 4.20330585, 0.0, 0.0, 4.998187937965517, 4.7141755402, 4.42024965, 4.663048814, 0.0, 4.633105843, 0.0, 4.870161773, 4.796264590886363, 0.0]
8, 72, 
[0, 2, 5, 0, 0, 0, 6, 0, 0, 0, 0, 0, 0, 9, 0, 14, 0, 0, 0, 18, 10, 0, 17, 0, 0, 7, 0, 26, 0, 54, 240, 6, 10, 0, 0, 5, 0, 0, 18, 0, 0, 0, 0, 0, 48, 26, 3, 6, 2, 0, 13, 16, 2, 0, 170, 6, 21, 2, 15, 8, 0, 0, 130, 2, 93, 10, 0, 0, 0, 59, 105, 0]
[0.0, 4.8993705, 4.89039746, 0.0, 0.0, 0.0, 4.809859083, 0.0, 0.0, 0.0, 0.0, 0.0, 0.0, 4.643496222, 0.0, 4.875630693071429, 0.0, 0.0, 0.0, 4.667892672000001, 4.9543685102, 0.0, 4.488392547, 0.0, 0.0, 4.737829185714285, 0.0, 4.896155735, 0.0, 4.79669790725926, 4.793993808116666, 4.6790218333333335, 5.06086864, 0.0, 0.0, 5.02606314, 0.0, 0.0, 4.763066172, 0.0, 0.0, 0.0, 0.0, 0.0, 4.722396839583333, 4.9705995235, 4.628567233, 4.720671217, 4.354556, 0.0, 4.726637830461539, 4.757580844, 4.9197781, 0.0, 4.852170644494118, 4.91928015, 4.884355857, 4.2709684, 4.724886893199999, 4.9474643252499995, 0.0, 0.0, 5.0594580990999996, 4.6500564, 4.726883063408602, 4.66958808, 0.0, 0.0, 0.0, 4.804169744, 4.774530629685714, 0.0]
9, 72, 
[18, 3, 56, 0, 0, 8, 26, 0, 0, 33, 6, 0, 3, 10, 18, 37, 0, 0, 4, 21, 123, 69, 7, 4, 5, 20, 2, 2, 0, 194, 296, 16, 24, 5, 2, 53, 0, 0, 41, 0, 32, 0, 0, 0, 76, 39, 6, 15, 11, 5, 15, 53, 0, 0, 329, 11, 39, 14, 6, 32, 7, 6, 122, 18, 90, 24, 2, 5, 31, 38, 201, 0]
[4.748147210833334, 4.679309433, 4.927565346535714, 0.0, 0.0, 4.987155587375, 4.782719980538461, 0.0, 0.0, 4.760930915393939, 4.60386605, 0.0, 4.751447767, 4.682184529900001, 4.854927989, 4.835108494810811, 0.0, 0.0, 4.987660325, 4.787293414571429, 4.91832458604065, 4.555199762565218, 4.431182543, 5.1971306, 5.03967424, 4.71009693525, 4.5940975, 4.94152, 0.0, 4.85790107429897, 4.725820194138513, 4.806902525, 5.426732962833333, 4.46844364, 4.89572865, 4.940134947339623, 0.0, 0.0, 4.86182753195122, 0.0, 4.7433902155, 0.0, 0.0, 0.0, 4.743628346078947, 4.709224838512821, 4.782839083, 4.84615952, 4.64886440909091, 5.17466402, 4.7902137864666665, 4.809292803792452, 0.0, 0.0, 4.888294387844985, 4.688329773, 4.828424910051282, 4.574905957, 4.336297167000001, 4.7678013657500005, 5.000773371428571, 4.727020117, 5.0025026270573765, 4.856305727944444, 4.7247614867111105, 4.610919283, 6.0103638, 4.23882462, 4.6816188355161295, 4.977896702342105, 4.7424353543781095, 0.0]
10, 72, 
[31, 0, 32, 0, 0, 31, 43, 19, 12, 58, 5, 4, 4, 38, 20, 110, 0, 7, 18, 62, 223, 76, 30, 5, 0, 0, 15, 12, 0, 367, 319, 45, 38, 0, 4, 77, 4, 0, 82, 0, 45, 3, 0, 6, 39, 34, 27, 3, 53, 0, 36, 12, 0, 0, 449, 15, 37, 2, 66, 27, 11, 0, 183, 98, 96, 17, 4, 63, 33, 67, 255, 0]
[4.945854619258064, 0.0, 4.9830880844062495, 0.0, 0.0, 4.902202412709677, 4.795097792953488, 4.585565711, 4.666628175, 4.850717696810345, 4.817348559999999, 4.816882675, 4.7086921, 4.661108341947369, 4.78202223995, 4.68938004200909, 0.0, 4.447311686, 4.867469872333333, 4.792213629096774, 4.992308688973094, 4.560170232684211, 4.9611479166, 5.23646656, 0.0, 0.0, 4.9025002, 5.000795142, 0.0, 4.7004891338419625, 4.746169648344828, 4.737486395466667, 5.244512979236842, 0.0, 4.83645175, 4.913470576519481, 5.26641455, 0.0, 4.871185908512196, 0.0, 4.916487371355556, 4.890435933, 0.0, 4.7378351165, 4.773374425615384, 4.843177297294117, 4.498548278, 4.804091, 4.883467601886793, 0.0, 4.749661077833333, 4.8740784835, 0.0, 0.0, 4.824520140162583, 4.8117914402, 4.767613619, 5.03910895, 4.498726760621212, 4.859312855777778, 4.931245781818182, 0.0, 4.943515554797815, 4.766187660163266, 4.762183476989584, 4.803067494352941, 5.2642753, 4.345024946, 4.896692921212121, 4.94861890480597, 4.59652181362745, 0.0]
11, 72, 
[7, 0, 21, 0, 3, 0, 192, 16, 0, 128, 14, 4, 0, 33, 0, 254, 0, 16, 8, 63, 279, 10, 78, 4, 0, 17, 16, 0, 2, 410, 487, 124, 0, 9, 2, 82, 7, 0, 74, 2, 33, 10, 0, 9, 94, 14, 6, 2, 24, 0, 48, 40, 21, 0, 353, 13, 38, 4, 25, 69, 10, 18, 192, 137, 53, 51, 2, 10, 92, 26, 216, 0]
[4.683896957, 0.0, 4.625782947619048, 0.0, 4.350797633, 0.0, 4.883128794510417, 4.6726361315, 0.0, 4.945710197742188, 4.771213486, 4.94464275, 0.0, 4.740680042272728, 0.0, 4.754636857098425, 0.0, 4.725179506, 4.8117662625, 4.6483106507936505, 5.034344708308243, 4.85162103, 4.8293003616282055, 4.7427231, 0.0, 4.582659952882352, 4.781882262625, 0.0, 4.99319265, 4.746237598897562, 4.756562957815194, 4.6873151175080645, 0.0, 4.786192011, 4.67303875, 4.994179308865855, 5.209184571428572, 0.0, 4.990190020472973, 4.854525, 4.863016633484849, 4.76390935, 0.0, 5.1456577223333335, 4.81430243825532, 4.628619721285714, 4.768796683000001, 4.81426325, 4.6783620875, 0.0, 4.894165747770834, 4.725502045200001, 4.466005524, 0.0, 4.78291045884136, 5.070393015769231, 4.856862268736842, 4.897244175, 4.58796876424, 4.711292476782608, 4.71526124, 4.696808239, 4.8121305572656246, 4.8085922701094885, 4.802575134094339, 4.595230129529412, 5.15141655, 4.71969659, 4.641098882804348, 4.931160842384615, 4.775938033421296, 0.0]
12, 72, 
[7, 42, 2, 6, 4, 4, 189, 10, 14, 41, 5, 0, 5, 42, 8, 221, 0, 52, 48, 134, 157, 7, 46, 9, 7, 53, 107, 0, 0, 167, 545, 225, 6, 6, 2, 59, 0, 10, 105, 5, 90, 0, 0, 18, 157, 43, 32, 0, 16, 0, 126, 62, 6, 0, 297, 31, 68, 3, 38, 88, 47, 4, 144, 171, 66, 22, 0, 16, 30, 6, 236, 2]
[4.555455871, 4.785988481285714, 4.934381, 4.9830335, 4.231565125, 4.939642, 4.836930337349206, 4.6652336598, 4.77242055, 4.768872987731708, 4.76609774, 0.0, 4.92200836, 4.806539955, 4.689277813, 4.667920295642534, 0.0, 4.5730969576538465, 4.841201539479166, 4.763579240261194, 4.922608340242039, 4.435839385714286, 4.684955795630435, 4.359656844, 5.0678189571428565, 4.6823017719245295, 4.720053025420561, 0.0, 0.0, 4.728972504035928, 4.7724410381211015, 4.691888108, 4.94850805, 4.841156683, 5.1657795, 4.70680134238983, 0.0, 5.02997175, 4.868487092, 5.05383078, 4.897577436533333, 0.0, 0.0, 4.878109922055556, 4.818708898726114, 4.737502111488372, 4.616229609, 0.0, 4.85212196875, 0.0, 4.73882648331746, 4.658037403290323, 4.607794117, 0.0, 4.797042950148148, 4.7586528290322585, 4.641901029338236, 5.2794332, 4.804373257710526, 4.620229942977272, 4.662782827574468, 4.716257125, 4.929499554923611, 4.95846494331579, 4.70458041209091, 4.721954704409091, 0.0, 4.718054356, 4.905319143233333, 4.841158216499999, 4.699137522885595, 4.46094485]
13, 72, 
[12, 6, 0, 3, 7, 3, 143, 2, 9, 62, 19, 4, 62, 39, 28, 244, 0, 0, 99, 155, 108, 0, 50, 2, 6, 34, 131, 0, 0, 109, 310, 151, 22, 5, 0, 63, 0, 23, 79, 46, 114, 9, 3, 17, 99, 54, 54, 17, 22, 12, 98, 11, 17, 2, 255, 38, 74, 5, 34, 27, 84, 9, 206, 78, 40, 24, 8, 14, 0, 53, 225, 23]
[4.745211892, 4.723792633333333, 0.0, 4.892388033, 4.841243357000001, 4.614496633, 4.811728794300699, 4.51613735, 4.746880522, 4.902707093580646, 4.704030031842106, 4.583262749999999, 4.767915248, 4.696566238358975, 4.702472210892857, 4.725451334114755, 0.0, 0.0, 4.785941010171717, 4.720989118270968, 4.973503859416667, 0.0, 4.6656191359, 4.49504375, 4.9900118, 4.774729376323529, 4.892423981801527, 0.0, 0.0, 4.6575143277981645, 4.755629908058063, 4.581554433794701, 4.787042199954546, 4.96844832, 0.0, 4.59325444, 0.0, 4.657538313, 4.928011594531646, 4.7342731325869565, 4.744147705236842, 4.507762622, 4.8514206, 4.791399246882354, 4.782413938666667, 4.694215601962963, 4.7099827257037035, 4.953680064470588, 4.739981900272728, 4.570008008, 4.694962782510204, 4.737577418, 4.351312818, 5.0608084, 4.865114327470588, 4.724310397789473, 4.672456845783784, 5.0026451199999995, 4.7068259030588235, 4.900364366666667, 4.713437279642857, 4.750955022, 4.853308870820388, 4.812203243474359, 4.777883627374999, 4.666738224916667, 5.374602812499999, 5.009119886, 0.0, 4.928999454981131, 4.793429986102222, 4.688977665]
14, 72, 
[14, 0, 0, 0, 47, 56, 76, 15, 13, 57, 2, 8, 22, 3, 25, 113, 0, 0, 15, 139, 194, 6, 151, 0, 10, 61, 118, 44, 0, 240, 295, 89, 17, 13, 12, 45, 0, 0, 213, 14, 114, 22, 0, 24, 86, 89, 41, 18, 148, 2, 85, 48, 23, 0, 256, 20, 124, 0, 30, 41, 59, 10, 177, 136, 28, 19, 0, 8, 47, 28, 327, 0]
[4.777975249928572, 0.0, 0.0, 0.0, 4.758983440276596, 4.8003047624285715, 5.095957066855263, 4.536089826666667, 4.685725377, 4.857701854350878, 4.42980215, 4.47901655, 5.105205214, 4.772527, 4.946244864, 4.9149326666017705, 0.0, 0.0, 4.7325943799333325, 4.821252460323742, 4.822957428335052, 4.633068016666666, 4.609857728960264, 0.0, 4.7484651499999995, 4.630869452016393, 4.757566846440679, 4.5930404231363635, 0.0, 4.841209432912499, 4.7492381230745755, 4.6866927819101125, 4.863604293941177, 4.926758061538461, 5.079745075, 4.657564397733333, 0.0, 0.0, 4.91040862814554, 5.195661407, 4.740806484885964, 4.700929054590909, 0.0, 4.664685979416666, 4.9384171513023265, 4.672514851606742, 4.63558822897561, 4.724657283, 4.789771513060811, 4.75261165, 4.698643317694117, 4.739688508208333, 4.504879057, 0.0, 4.895669486359375, 4.910717025, 4.874464565161292, 0.0, 4.718952523033334, 4.44526469492683, 4.588088439152543, 4.82095791, 4.932317173920903, 4.765166706463235, 4.776124653714286, 4.965313794736842, 0.0, 4.746107725, 4.710366538191489, 4.98742327475, 4.740682028480123, 0.0]
15, 72, 
[7, 0, 0, 0, 0, 25, 42, 23, 0, 45, 6, 27, 3, 7, 19, 84, 0, 0, 69, 34, 400, 2, 60, 3, 4, 0, 26, 0, 2, 119, 239, 63, 4, 25, 0, 70, 0, 0, 159, 0, 93, 13, 0, 71, 125, 43, 15, 22, 134, 3, 134, 13, 2, 3, 227, 17, 48, 69, 37, 95, 4, 26, 155, 128, 23, 35, 0, 9, 103, 87, 313, 0]
[4.820932785857143, 0.0, 0.0, 0.0, 0.0, 4.61843146012, 5.000835306928572, 4.533542339, 0.0, 4.993601302377778, 4.599676633333333, 4.558494625962963, 4.7911577, 4.768278414142857, 5.058813121315789, 4.8121437641547615, 0.0, 0.0, 4.642646959536233, 4.771359164705882, 4.917383988809998, 5.2786495, 4.634059523333333, 4.4540866, 4.871065274999999, 0.0, 5.038980915692307, 0.0, 4.84943985, 4.799458285714286, 4.7475435604518825, 4.728245688888888, 4.962015975, 4.855293356, 0.0, 4.660020388571429, 0.0, 0.0, 4.935622229798742, 0.0, 4.71801345916129, 4.787009592538461, 0.0, 4.68980198025352, 4.753068796928, 5.017811288813953, 4.531502827066666, 5.003236718, 4.6422434416940295, 4.305457933, 4.811090199589552, 4.782658392, 4.993722, 4.219803433, 4.876205921859031, 4.842661958705882, 4.811052650250001, 4.714262698782608, 4.706825135027027, 4.764204354778948, 4.409185875, 4.669688477, 4.8341398347225795, 4.67398738959375, 4.78713402173913, 4.786213751428572, 0.0, 4.812511722, 4.873596118708737, 4.839678489402299, 4.665260108233228, 0.0]
16, 72, 
[0, 0, 0, 3, 22, 2, 8, 2, 0, 23, 2, 0, 0, 0, 2, 72, 5, 0, 4, 10, 124, 64, 36, 2, 17, 0, 20, 4, 0, 42, 76, 64, 26, 3, 0, 36, 0, 0, 76, 0, 124, 13, 0, 5, 71, 15, 4, 13, 74, 0, 78, 17, 0, 0, 202, 20, 13, 134, 28, 10, 2, 21, 249, 35, 7, 2, 2, 5, 18, 11, 375, 0]
[0.0, 0.0, 0.0, 4.609265533, 4.43145575, 4.820653, 4.96863646275, 4.5163173, 0.0, 4.810777309, 3.8117192, 0.0, 0.0, 0.0, 5.3022327, 4.748721563791666, 4.63418034, 0.0, 4.844520025, 4.8429618802, 4.976320159620968, 4.598135293421874, 4.531486247444445, 4.79550985, 4.888162535647059, 0.0, 5.04967800025, 4.714027625, 0.0, 4.699696295238094, 4.733652984263157, 4.701052664249999, 4.764625381038462, 5.0389942, 0.0, 4.777094550222222, 0.0, 0.0, 4.754108727947369, 0.0, 4.749942032387097, 4.448808892076924, 0.0, 4.9349261802, 4.83770893512676, 4.876689367, 4.52006465, 4.633136008, 4.8391755459729735, 0.0, 4.838328533435899, 4.758771382, 0.0, 0.0, 4.839026630094059, 4.675986244700001, 4.889616469, 4.5649406993880595, 4.637813232392857, 4.87513105, 4.9116995, 4.456672829, 4.794701409570282, 4.925455654, 4.753266928428572, 5.0311867, 4.49162795, 4.88835508, 4.639817961222223, 4.786005609272727, 4.678434851714666, 0.0]
17, 72, 
[5, 0, 0, 0, 0, 0, 0, 0, 0, 0, 0, 0, 2, 6, 0, 29, 3, 0, 0, 0, 10, 12, 0, 0, 36, 0, 13, 0, 0, 30, 94, 0, 19, 0, 0, 0, 0, 0, 15, 0, 84, 15, 0, 2, 53, 2, 3, 13, 21, 3, 115, 17, 2, 0, 106, 15, 7, 6, 68, 0, 2, 4, 174, 0, 0, 11, 3, 18, 0, 0, 336, 20]
[4.51653514, 0.0, 0.0, 0.0, 0.0, 0.0, 0.0, 0.0, 0.0, 0.0, 0.0, 0.0, 5.12099765, 4.7178586835, 0.0, 4.752407051655172, 5.592609233, 0.0, 0.0, 0.0, 4.555984990000001, 4.7378457, 0.0, 0.0, 4.651512805444444, 0.0, 5.067721399769231, 0.0, 0.0, 4.3865961199, 4.562642255500001, 0.0, 4.509406142052632, 0.0, 0.0, 0.0, 0.0, 0.0, 4.5840230266, 0.0, 4.628606327499999, 4.816666147, 0.0, 4.8053887, 4.83513334318868, 5.0940325, 4.502579733, 4.808296808, 4.814399628476191, 4.565505667, 4.817828674878261, 4.733751017647059, 4.5655498, 0.0, 4.851516818698113, 4.6659636402, 4.570330742857143, 4.828572167, 4.771122229308824, 0.0, 4.62671355, 4.922121875, 4.905099764390805, 0.0, 0.0, 4.7621617818181825, 4.796373267, 4.870192833, 0.0, 0.0, 4.4091336645476185, 3.86976821]
18, 72, 
[0, 0, 0, 0, 3, 2, 0, 43, 5, 3, 0, 0, 0, 6, 0, 17, 0, 0, 0, 0, 9, 14, 2, 0, 0, 0, 22, 0, 0, 0, 45, 0, 0, 0, 0, 0, 0, 0, 3, 0, 17, 0, 0, 35, 30, 6, 4, 12, 34, 7, 138, 17, 0, 0, 41, 3, 0, 2, 86, 0, 11, 2, 67, 0, 0, 6, 3, 31, 0, 0, 377, 0]
[0.0, 0.0, 0.0, 0.0, 4.8482315, 5.0991831, 0.0, 4.746551512, 4.66339154, 4.851594233, 0.0, 0.0, 0.0, 4.895599183333333, 0.0, 4.816442876588235, 0.0, 0.0, 0.0, 0.0, 5.217443333333334, 4.7003262, 4.57653, 0.0, 0.0, 0.0, 4.4976894318181815, 0.0, 0.0, 0.0, 4.778543653311111, 0.0, 0.0, 0.0, 0.0, 0.0, 0.0, 0.0, 5.1976244, 0.0, 4.463753335470588, 0.0, 0.0, 4.6069011426, 4.851469009866666, 4.821179217, 4.87074375, 4.341801417, 4.552455935029411, 5.003042629, 4.765813422978261, 4.561908782294118, 0.0, 0.0, 4.694664151609756, 4.5495405, 0.0, 4.42293415, 4.661101764116279, 0.0, 4.966045754454544, 4.81766155, 4.8890465116716415, 0.0, 0.0, 4.619197499999999, 4.592066567, 5.319361319, 0.0, 0.0, 4.6633532529496025, 0.0]
19, 72, 
[0, 0, 0, 0, 0, 0, 7, 0, 6, 8, 0, 0, 0, 3, 2, 10, 0, 0, 10, 0, 4, 36, 0, 0, 0, 0, 3, 0, 0, 9, 194, 0, 0, 0, 0, 0, 0, 0, 2, 0, 8, 0, 0, 7, 20, 34, 0, 59, 14, 6, 58, 49, 2, 0, 179, 2, 9, 2, 80, 0, 3, 0, 4, 0, 5, 19, 2, 21, 2, 6, 356, 0]
[0.0, 0.0, 0.0, 0.0, 0.0, 0.0, 4.996036471000001, 0.0, 4.740617, 5.19936924975, 0.0, 0.0, 0.0, 4.5734749, 4.2404885, 4.64911882, 0.0, 0.0, 4.6904637702, 0.0, 5.561804049999999, 4.499942272388889, 0.0, 0.0, 0.0, 0.0, 4.9950332, 0.0, 0.0, 4.9243608666666665, 4.579474114721649, 0.0, 0.0, 0.0, 0.0, 0.0, 0.0, 0.0, 5.16542835, 0.0, 4.706294375125, 0.0, 0.0, 4.209618443, 4.7590068652, 4.771935012, 0.0, 4.508228034, 4.973166692857143, 4.571753683, 4.798366605241379, 4.846440720387755, 4.31724685, 0.0, 4.815055314642458, 4.94499235, 4.734910855444444, 5.0797655, 4.773487906350001, 0.0, 5.1808947, 0.0, 5.360458275, 0.0, 5.09199254, 4.340217911, 4.9950125, 4.833852129, 4.956854, 4.594811217, 4.617382045533708, 0.0]
20, 72, 
[2, 0, 0, 0, 0, 2, 5, 0, 0, 0, 0, 0, 0, 0, 0, 21, 0, 0, 0, 0, 5, 2, 0, 0, 0, 0, 10, 0, 0, 2, 189, 0, 2, 0, 0, 0, 0, 0, 2, 0, 8, 0, 0, 19, 34, 7, 0, 41, 56, 0, 25, 38, 0, 0, 126, 5, 8, 0, 48, 0, 4, 0, 15, 15, 8, 21, 0, 24, 0, 3, 399, 2]
[4.729457, 0.0, 0.0, 0.0, 0.0, 3.9167369, 4.88114338, 0.0, 0.0, 0.0, 0.0, 0.0, 0.0, 0.0, 0.0, 5.241150823809524, 0.0, 0.0, 0.0, 0.0, 4.6937095598, 3.9577675, 0.0, 0.0, 0.0, 0.0, 4.62184204, 0.0, 0.0, 4.3396897, 4.580079245238094, 0.0, 5.22548295, 0.0, 0.0, 0.0, 0.0, 0.0, 5.50432085, 0.0, 4.687352113, 0.0, 0.0, 4.74760905231579, 4.795656532529413, 5.034010385714287, 0.0, 4.489822134, 4.837781435696429, 0.0, 4.69599193216, 4.728794857815789, 0.0, 0.0, 4.742655675444444, 4.69256652, 4.3389239875, 0.0, 4.780665047875, 0.0, 4.299972575, 0.0, 5.197766173, 4.87942104, 5.00171815, 4.7320373, 0.0, 4.823582092, 0.0, 5.082727533, 4.567571450756892, 3.668716]
21, 72, 
[2, 0, 0, 0, 0, 2, 0, 6, 0, 15, 0, 2, 0, 0, 0, 29, 0, 0, 0, 0, 10, 0, 0, 0, 6, 0, 4, 0, 0, 3, 24, 0, 0, 0, 0, 0, 0, 0, 18, 0, 0, 0, 0, 0, 12, 0, 0, 5, 46, 0, 93, 28, 0, 0, 31, 5, 5, 9, 140, 0, 31, 0, 12, 6, 5, 0, 0, 6, 14, 7, 402, 0]
[4.8403815, 0.0, 0.0, 0.0, 0.0, 4.70758845, 0.0, 4.92489635, 0.0, 5.3962505536, 0.0, 5.00316215, 0.0, 0.0, 0.0, 4.74842675513793, 0.0, 0.0, 0.0, 0.0, 4.9324845102, 0.0, 0.0, 0.0, 4.740803233, 0.0, 4.510705925, 0.0, 0.0, 4.8181794, 4.5409060665, 0.0, 0.0, 0.0, 0.0, 0.0, 0.0, 0.0, 5.009423489, 0.0, 0.0, 0.0, 0.0, 0.0, 4.939634708333333, 0.0, 0.0, 4.51407632, 5.004397174173913, 0.0, 4.567182735376344, 4.651628039, 0.0, 0.0, 4.619497538806452, 4.800166940199999, 5.16512606, 4.8249972, 4.714013840857143, 0.0, 4.863747726000001, 0.0, 5.337971141833333, 4.826776183, 4.9233501398, 0.0, 0.0, 4.9799546, 4.883813343, 4.900274085714285, 4.608357296562188, 0.0]
22, 72, 
[0, 0, 0, 0, 0, 0, 9, 0, 0, 0, 2, 0, 3, 15, 0, 16, 0, 0, 0, 12, 6, 0, 0, 0, 0, 0, 0, 0, 0, 36, 32, 0, 0, 0, 0, 2, 0, 0, 2, 0, 3, 0, 0, 0, 0, 0, 6, 0, 9, 0, 67, 13, 0, 0, 21, 0, 0, 5, 24, 2, 3, 0, 4, 0, 0, 0, 0, 8, 0, 4, 302, 0]
[0.0, 0.0, 0.0, 0.0, 0.0, 0.0, 4.696996344, 0.0, 0.0, 0.0, 4.864554, 0.0, 4.643595267, 4.684360419866667, 0.0, 4.6796586875, 0.0, 0.0, 0.0, 4.793369191583333, 4.735976067, 0.0, 0.0, 0.0, 0.0, 0.0, 0.0, 0.0, 0.0, 5.065068869666667, 4.66677076246875, 0.0, 0.0, 0.0, 0.0, 5.2827704, 0.0, 0.0, 4.83429715, 0.0, 4.827496067, 0.0, 0.0, 0.0, 0.0, 0.0, 4.793818817, 0.0, 4.805169567, 0.0, 4.729240621, 4.721677138, 0.0, 0.0, 5.028152375857142, 0.0, 0.0, 5.14024042, 4.515502600166667, 4.77631235, 4.6692299, 0.0, 4.93089, 0.0, 0.0, 0.0, 0.0, 4.429713663, 0.0, 4.464461525, 4.591936450086094, 0.0]
23, 72, 
[0, 0, 0, 0, 0, 0, 6, 0, 0, 6, 0, 2, 0, 0, 0, 4, 0, 0, 0, 0, 24, 0, 0, 0, 0, 0, 0, 0, 0, 46, 6, 0, 0, 0, 0, 0, 0, 0, 0, 0, 7, 7, 0, 7, 28, 6, 0, 0, 9, 0, 14, 2, 0, 0, 34, 3, 0, 0, 14, 4, 0, 0, 7, 0, 0, 0, 0, 4, 0, 0, 92, 0]
[0.0, 0.0, 0.0, 0.0, 0.0, 0.0, 4.979345299999999, 0.0, 0.0, 6.056068783333333, 0.0, 3.9523286, 0.0, 0.0, 0.0, 5.145974025, 0.0, 0.0, 0.0, 0.0, 5.0459243000416665, 0.0, 0.0, 0.0, 0.0, 0.0, 0.0, 0.0, 0.0, 5.019682884804348, 3.9182892499999995, 0.0, 0.0, 0.0, 0.0, 0.0, 0.0, 0.0, 0.0, 0.0, 4.549453443, 4.572959514, 0.0, 4.940483457, 4.8739201069642855, 5.084824467, 0.0, 0.0, 4.679935344333334, 0.0, 4.639916057142857, 4.76518175, 0.0, 0.0, 4.952149973941177, 4.845119133, 0.0, 0.0, 3.997618842857143, 4.930327225, 0.0, 0.0, 4.9159855142857145, 0.0, 0.0, 0.0, 0.0, 4.862316525, 0.0, 0.0, 4.32182187052174, 0.0]
[107, 53, 116, 12, 86, 135, 898, 136, 59, 517, 61, 51, 104, 216, 122, 1327, 8, 169, 306, 694, 1858, 300, 479, 36, 97, 216, 493, 88, 29, 2057, 3750, 787, 170, 76, 22, 492, 11, 33, 973, 67, 776, 95, 3, 220, 1005, 431, 201, 252, 752, 38, 1377, 472, 81, 5, 3392, 226, 525, 281, 766, 477, 278, 100, 2137, 903, 531, 278, 26, 249, 380, 415, 4891, 47]
[52.353875625877116, 19.088461047619045, 24.36121483856101, 14.484687066000001, 27.4622768052766, 47.40639430563324, 77.86900221018611, 41.69697017996667, 28.275663163999997, 80.01004690287081, 41.36830785117544, 32.33779010096296, 38.811019306000006, 61.63728493032192, 38.57647943815864, 106.01451250148608, 10.226789573000001, 31.993578244453847, 57.03495396715379, 80.74376054621034, 118.92994775979813, 56.31122989344115, 51.242760349496685, 43.01925048700001, 48.45307382123436, 62.313154444111085, 72.50259595381749, 24.145538925136364, 23.843248188, 105.14935232799724, 111.40845624130601, 51.69703504815177, 54.32321957405699, 38.57827373153846, 24.650743724999998, 48.55135349164178, 10.475599121428573, 9.687510063, 99.40894184595967, 19.838290319586957, 75.84000584964052, 42.63460117220629, 4.8514206, 57.15241694255722, 101.48726180799022, 87.44767841637896, 55.85926161774599, 89.47430787047057, 113.08984686269034, 32.94304359, 114.31052913034324, 100.67689647113585, 50.72042866599999, 9.280611833, 115.94671819007128, 86.26554558559685, 95.2665901763135, 86.53289786683733, 96.7844363603473, 80.91336495291011, 66.53907852007116, 42.57814314400001, 118.03232172309279, 62.47977521650757, 77.19301189735154, 75.2149486444417, 40.6757387465, 76.22977392899999, 50.74801200588838, 77.73813353915314, 111.88224448414965, 16.688406725]
